2243
7768
8048
3027
5565
3360
1469
2301
2669
4334
7017
4935
9338
4053
4367
1372
4644
298
7867
2022
8015
1517
3578
7915
3814
6043
3363
3004
6034
3989
6857
3488
3721
1650
7325
812
8690
3992
6155
4864
5114
6247
141
6974
8230
7441
6032
9960
450
2720
5850
8472
7275
7066
8615
5411
6659
4822
6327
3020
6344
6720
7553
6731
9872
4647
5045
7969
3901
3188
9181
4090
1821
2927
104
2661
6358
7222
4973
8924
5604
2060
5151
5750
6643
8568
9366
8413
8149
7687
4276
225
4077
1065
4552
2200
4868
2333
7536
6413
1704
9936
4790
8951
2167
9413
6460
5543
8793
2914
6375
3245
3843
5508
2743
3163
1409
2472
7444
4692
5599
7911
4329
7651
9526
7418
1887
7487
4088
2562
1910
2574
3453
2979
6832
8817
2403
2481
4858
4599
1305
9590
5029
1757
5285
3375
2965
9162
7483
928
3689
1140
8663
1172
5893
8622
7889
1733
857
4978
2260
7084
8789
5685
8366
457
2706
2859
5059
8620
3442
8348
1989
2607
4929
7544
5466
4536
170
7442
7284
183
7524
8733
4180
4041
5937
5334
7920
784
1240
5643
7462
1346
1446
1085
3940
6070
2379
9059
8637
7216
5566
4932
5081
3157
9758
312
2047
2578
2858
3078
7733
471
6629
1361
8344
3296
1130
9764
8407
759
1795
8201
3661
5093
747
3367
7772
2386
7673
3460
6249
1995
3844
58
7318
3793
6708
6381
522
1479
8981
9191
6577
2308
6866
725
4369
6288
867
8479
2068
804
1679
9328
0
9943
847
8185
6147
7715
9029
9494
4050
4223
5728
4345
6321
2721
6590
5980
501
1967
6095
8656
9132
2064
7288
2892
839
8364
2320
8254
3192
211
5564
5177
9208
1777
6368
9423
8377
7568
7994
9266
9021
6939
2677
7034
4331
1101
219
8316
7046
603
7696
653
3007
1376
500
1805
290
4545
3860
308
6842
2735
3988
5389
554
9071
3866
5603
565
5016
5124
4763
9751
7512
5260
7171
702
9669
760
3201
9237
7211
9869
9456
3939
1758
2866
8101
5492
9927
6760
3498
8497
2531
3817
5158
7271
4711
7665
5965
9232
729
9756
6284
9268
8914
7707
9750
7062
1059
6587
2450
4152
569
5191
2221
633
1415
7664
1628
8234
5145
6664
4390
3708
5232
3957
3502
8532
5729
6268
9368
672
3776
3213
7637
7691
1365
6422
9356
3548
84
5770
7225
6983
6871
4264
3459
9890
5486
5881
4106
622
1039
258
9726
1293
2249
5719
9614
4556
623
1303
2470
8033
5268
6574
2473
4889
6444
6127
3958
2923
562
885
7249
7873
3945
333
4336
7443
21
5444
8691
7474
5528
2709
881
6038
5532
6780
4964
726
2489
9409
4248
1459
8286
5620
5003
9476
4245
5108
7629
3590
7856
2242
4616
5902
6367
1176
7217
2425
2067
98
2678
7991
8311
1055
5155
3268
5032
4179
5864
3799
1228
6005
5363
7466
7807
2903
3970
4018
6546
3565
8813
2071
2567
2840
6543
8486
3290
4438
4358
